[Name]
Hatsune
[Creator]
Miku
[Difficulty]
3
[BPM]
153
[Image]

[MusicFile]
/song.mp3
[MusicLength]
53
[Zoom]
7
[Offset]
0
[Beats]
4.000000
[Notes]
0.392294
0.784588
1.176882
1.569177
1.961471
2.353765
2.746059
3.138353
3.530647
3.922941
4.315236
4.707530
5.099824
5.492118
5.884412
6.276706
6.669000
7.061295
7.453588
7.845883
8.238177
8.630471
8.826618
8.924691
9.218912
9.415059
10.199648
11.180383
11.376530
11.768825
11.866898
11.964972
12.063045
12.161119
12.553412
12.945706
13.338000
13.730295
14.122589
14.514883
14.907177
15.691766
16.084059
16.476355
16.868649
17.260942
17.653236
18.045530
18.830118
19.026266
19.124340
19.222412
19.418560
19.614706
19.810854
20.007002
20.203148
20.399296
20.595442
20.791590
20.987736
21.183884
21.380030
21.576178
21.772326
21.968472
22.066545
22.164619
22.262691
22.360765
22.458839
22.556913
22.654987
22.753059
22.851133
22.949207
23.047281
23.145353
23.243427
23.341501
23.439575
23.537649
23.635721
23.733795
23.831869
23.929943
24.028015
24.126089
24.224163
24.322237
24.420311
24.518383
24.616457
24.714531
25.106825
31.285458
31.383532
31.579678
31.775826
32.070045
32.168118
32.266193
32.364265
32.462341
32.560413
32.756561
32.854633
32.952709
33.148853
33.345001
33.541149
33.737297
33.933441
34.129589
34.325737
34.423809
34.521885
34.718033
34.914177
35.110325
35.208401
35.404545
35.502621
35.796841
35.894913
35.992989
36.091061
36.189133
36.287209
36.385281
36.483356
36.581429
36.679501
36.875648
37.071796
37.267944
37.464088
37.562164
37.660236
37.856384
38.052532
38.248680
38.444824
38.640972
38.739048
38.935192
39.033268
39.131340
39.229412
39.327488
39.425560
39.523636
39.621708
39.719780
39.817856
39.915928
40.014004
40.210148
40.308224
40.700516
40.798592
40.994736
41.190884
41.387032
41.583179
41.779327
41.975471
42.073547
42.171619
42.269695
42.367767
42.465839
42.563915
42.661987
42.760059
42.858135
42.956207
43.054283
43.152355
43.348503
43.446575
43.740795
43.838871
44.035019
44.231163
44.525383
44.623459
44.721531
44.819607
44.917679
45.015751
45.211899
45.309975
45.408047
45.653229
45.849377
46.045525
46.241673
46.437820
46.633965
