[Name]
name
[Creator]
creator
[Difficulty]
99
[BPM]
1
[Image]
/image.png
[MusicFile]
/song.mp3
[MusicLength]
0
[Zoom]
0
[Offset]
0
[Beats]
0.000000
[Notes]
3.598479
3.776361
4.062462
4.340566
4.625457
4.747538
4.887303
5.016405
5.161049
5.289400
5.428452
5.584536
5.730423
5.859648
6.023502
6.238467
6.448493
6.522567
6.636556
6.897547
7.052437
7.190494
7.311497
7.457595
7.589240
7.754175
7.870120
8.014482
8.258558
8.413487
8.561483
8.698298
8.828115
9.055397
9.235018
9.382447
9.554533
9.708299
9.864182
10.033312
10.185267
10.331629
10.590998
10.664468
10.787457
10.957380
11.127122
11.446522
11.561344
11.725417
11.814580
11.887578
12.043340
12.149459
12.320413
12.344381
12.514541
12.595514
12.758104
12.889474
12.971459
13.185445
13.380856
13.504900
13.637319
13.873434
14.129436
14.137406
14.356354
14.529468
14.658728
14.773063
14.931489
15.126900
15.266507
15.385489
15.623494
15.771427
15.949553
16.104052
16.120459
16.296589
16.457563
16.644497
16.847448
16.961660
17.122026
17.253319
17.586401
17.765083
17.927437
18.032545
18.172724
18.246794
18.629438
18.833452
19.053434
19.199924
19.404432
19.551662
19.748438
19.847124
19.977924
20.099937
20.166521
20.359390
20.530655
20.554585
20.744637
20.817379
21.015358
21.156425
21.245403
21.398895
21.448006
21.635887
21.644037
21.764931
21.845118
21.879120
22.011412
22.223469
22.263599
22.498465
22.650385
22.741362
22.839172
22.921436
23.085262
23.323578
23.429499
23.616137
23.640631
23.828423
23.943329
24.158232
24.306644
24.444046
24.598270
24.792870
24.969410
25.130230
25.268293
25.285215
25.440517
25.562235
25.611507
25.814199
25.910946
26.024559
26.091009
26.174347
26.208000
26.372429
26.518187
26.575266
26.691292
26.763397
26.879662
26.994299
27.221178
27.312157
27.425180
27.497421
27.539001
27.644005
27.668184
27.880650
28.002909
28.018976
28.108311
28.188902
28.353884
28.395893
28.600159
28.691418
28.797359
28.821054
