[Name]
Chaoz Fantasy
[Artist]
ParagonX9
[Difficulty]
0
[BPM]
162
[MusicFile]
/song.mp3
[MusicLength]
133
[Zoom]
7
[Offset]
0
[Notes]
2.808200
3.874957
5.007814
6.318603
7.324242
8.607550
9.829879
11.149081
12.426498
14.169331
17.122478
20.167055
23.123196
26.044594
28.968258
32.024296
35.000954
37.868103
40.803024
43.755547
46.784214
51.234612
54.118382
57.194576
60.140522
63.042187
65.959763
68.951591
71.859703
74.858810
77.764259
80.692520
83.727242
86.667992
89.521858
92.511780
95.511658
98.410332
101.472298
104.336647
107.330330
110.232430
113.251564
116.210693
119.163940
122.094048
125.063087
128.018433
